{
 "cells": [
  {
   "cell_type": "code",
   "execution_count": 1,
   "id": "254bceb2",
   "metadata": {},
   "outputs": [
    {
     "name": "stdout",
     "output_type": "stream",
     "text": [
      "  1  2  3  4  5  6  7  8  9\n",
      "  2  4  6  8 10 12 14 16 18\n",
      "  3  6  9 12 15 18 21 24 27\n",
      "  4  8 12 16 20 24 28 32 36\n",
      "  5 10 15 20 25 30 35 40 45\n",
      "  6 12 18 24 30 36 42 48 54\n",
      "  7 14 21 28 35 42 49 56 63\n",
      "  8 16 24 32 40 48 56 64 72\n",
      "  9 18 27 36 45 54 63 72 81\n"
     ]
    }
   ],
   "source": [
    "#@title 九九のリストを作成する\n",
    "#@title 九九の表を表示する\n",
    "for v in range(1, 10):\n",
    "    for h in range(1, 10):\n",
    "        print(f\"{(v * h):3d}\", end=\"\")\n",
    "\n",
    "    print(\"\")"
   ]
  },
  {
   "cell_type": "code",
   "execution_count": 4,
   "id": "08a1dd3a",
   "metadata": {},
   "outputs": [
    {
     "name": "stdout",
     "output_type": "stream",
     "text": [
      "  1  2  3  4  5  6  7  8  9\n",
      "  2  4  6  8 10 12 14 16 18\n",
      "  3  6  9 12 15 18 21 24 27\n",
      "  4  8 12 16 20 24 28 32 36\n",
      "  5 10 15 20 25 30 35 40 45\n",
      "  6 12 18 24 30 36 42 48 54\n",
      "  7 14 21 28 35 42 49 56 63\n",
      "  8 16 24 32 40 48 56 64 72\n",
      "  9 18 27 36 45 54 63 72 81\n"
     ]
    }
   ],
   "source": [
    "#@title 九九のリストを作成する\n",
    "# リスト内包表記を使って 9x9 の2次元リストを作成する\n",
    "# x (縦) が 1から9まで、 y (横) が 1から9まで\n",
    "# この変数を KukuTable に格納する\n",
    "# y (横) から range\n",
    "KukuTable = [[x * y for y in range(1, 10)] for x in range(1, 10)]\n",
    "\n",
    "#@title 九九の表を表示する (インデックスを使う方法)\n",
    "# KukuTableから取り出して表示する、取り出すときに場所/住所の指示に注意\n",
    "# printは教科書と同様に :3d, end=\"\" を使用する\n",
    "for X in range(0,9):\n",
    "    for Y in range(0,9):\n",
    "        xy = KukuTable[X][Y]\n",
    "\n",
    "        print(f\"{xy:3d}\", end=\"\")\n",
    "    \n",
    "    print(\"\")"
   ]
  }
 ],
 "metadata": {
  "kernelspec": {
   "display_name": ".venv",
   "language": "python",
   "name": "python3"
  },
  "language_info": {
   "codemirror_mode": {
    "name": "ipython",
    "version": 3
   },
   "file_extension": ".py",
   "mimetype": "text/x-python",
   "name": "python",
   "nbconvert_exporter": "python",
   "pygments_lexer": "ipython3",
   "version": "3.12.10"
  }
 },
 "nbformat": 4,
 "nbformat_minor": 5
}
